&input
asr='simple',
amass(1) = 55.845
flfrc='fc.out'
flfrq='freq.out'
flvec='modes.out'
fldos='fe.dos',
q_in_cryst_coord= .true.
q_in_band_form= .true.
/
84
   0.0000000   0.0000000   0.0000000   0.0020000   
   0.0000000   0.0000000   0.1000000   0.0040000   
   0.0000000   0.0000000   0.2000000   0.0040000   
   0.0000000   0.0000000   0.3000000   0.0040000   
   0.0000000   0.0000000   0.4000000   0.0040000   
   0.0000000   0.0000000  -0.5000000   0.0020000   
   0.0000000   0.1000000   0.0000000   0.0120000   
   0.0000000   0.1000000   0.1000000   0.0240000   
   0.0000000   0.1000000   0.2000000   0.0240000   
   0.0000000   0.1000000   0.3000000   0.0240000   
   0.0000000   0.1000000   0.4000000   0.0240000   
   0.0000000   0.1000000  -0.5000000   0.0120000   
   0.0000000   0.2000000   0.0000000   0.0120000   
   0.0000000   0.2000000   0.1000000   0.0240000   
   0.0000000   0.2000000   0.2000000   0.0240000   
   0.0000000   0.2000000   0.3000000   0.0240000   
   0.0000000   0.2000000   0.4000000   0.0240000   
   0.0000000   0.2000000  -0.5000000   0.0120000   
   0.0000000   0.3000000   0.0000000   0.0120000   
   0.0000000   0.3000000   0.1000000   0.0240000   
   0.0000000   0.3000000   0.2000000   0.0240000   
   0.0000000   0.3000000   0.3000000   0.0240000   
   0.0000000   0.3000000   0.4000000   0.0240000   
   0.0000000   0.3000000  -0.5000000   0.0120000   
   0.0000000   0.4000000   0.0000000   0.0120000   
   0.0000000   0.4000000   0.1000000   0.0240000   
   0.0000000   0.4000000   0.2000000   0.0240000   
   0.0000000   0.4000000   0.3000000   0.0240000   
   0.0000000   0.4000000   0.4000000   0.0240000   
   0.0000000   0.4000000  -0.5000000   0.0120000   
   0.0000000  -0.5000000   0.0000000   0.0060000   
   0.0000000  -0.5000000   0.1000000   0.0120000   
   0.0000000  -0.5000000   0.2000000   0.0120000   
   0.0000000  -0.5000000   0.3000000   0.0120000   
   0.0000000  -0.5000000   0.4000000   0.0120000   
   0.0000000  -0.5000000  -0.5000000   0.0060000   
   0.1000000   0.1000000   0.0000000   0.0120000   
   0.1000000   0.1000000   0.1000000   0.0240000   
   0.1000000   0.1000000   0.2000000   0.0240000   
   0.1000000   0.1000000   0.3000000   0.0240000   
   0.1000000   0.1000000   0.4000000   0.0240000   
   0.1000000   0.1000000  -0.5000000   0.0120000   
   0.1000000   0.2000000   0.0000000   0.0240000   
   0.1000000   0.2000000   0.1000000   0.0480000   
   0.1000000   0.2000000   0.2000000   0.0480000   
   0.1000000   0.2000000   0.3000000   0.0480000   
   0.1000000   0.2000000   0.4000000   0.0480000   
   0.1000000   0.2000000  -0.5000000   0.0240000   
   0.1000000   0.3000000   0.0000000   0.0240000   
   0.1000000   0.3000000   0.1000000   0.0480000   
   0.1000000   0.3000000   0.2000000   0.0480000   
   0.1000000   0.3000000   0.3000000   0.0480000   
   0.1000000   0.3000000   0.4000000   0.0480000   
   0.1000000   0.3000000  -0.5000000   0.0240000   
   0.1000000   0.4000000   0.0000000   0.0240000   
   0.1000000   0.4000000   0.1000000   0.0480000   
   0.1000000   0.4000000   0.2000000   0.0480000   
   0.1000000   0.4000000   0.3000000   0.0480000   
   0.1000000   0.4000000   0.4000000   0.0480000   
   0.1000000   0.4000000  -0.5000000   0.0240000   
   0.2000000   0.2000000   0.0000000   0.0120000   
   0.2000000   0.2000000   0.1000000   0.0240000   
   0.2000000   0.2000000   0.2000000   0.0240000   
   0.2000000   0.2000000   0.3000000   0.0240000   
   0.2000000   0.2000000   0.4000000   0.0240000   
   0.2000000   0.2000000  -0.5000000   0.0120000   
   0.2000000   0.3000000   0.0000000   0.0240000   
   0.2000000   0.3000000   0.1000000   0.0480000   
   0.2000000   0.3000000   0.2000000   0.0480000   
   0.2000000   0.3000000   0.3000000   0.0480000   
   0.2000000   0.3000000   0.4000000   0.0480000   
   0.2000000   0.3000000  -0.5000000   0.0240000   
   0.2000000   0.4000000   0.0000000   0.0120000   
   0.2000000   0.4000000   0.1000000   0.0240000   
   0.2000000   0.4000000   0.2000000   0.0240000   
   0.2000000   0.4000000   0.3000000   0.0240000   
   0.2000000   0.4000000   0.4000000   0.0240000   
   0.2000000   0.4000000  -0.5000000   0.0120000   
   0.3000000   0.3000000   0.0000000   0.0120000   
   0.3000000   0.3000000   0.1000000   0.0240000   
   0.3000000   0.3000000   0.2000000   0.0240000   
   0.3000000   0.3000000   0.3000000   0.0240000   
   0.3000000   0.3000000   0.4000000   0.0240000   
   0.3000000   0.3000000  -0.5000000   0.0120000   

